-0.372573601946
-0.597818877628
0.249627417106
-0.550135634282
-0.554777570943
-0.593397379023
-0.53348141543
1.08376580564e-18
-0.550135634282
1.08376580564e-18
-0.00931187276725
-0.0476354296517
0.2830143734
2.28933315408e-18
0.689559608531
-0.662218169285
-0.403426816733
-0.519628791
0.446439437919
-1.9244189805e-16
-0.593397379023
-0.593397379023
-0.440713987838
-0.0197403257277
0.608444023855
0.553313356698
-0.684484590016
-0.669414204159
-0.111123670854
-0.519628791
-0.63583185539
-0.684484590016
-1.9244189805e-16
-0.53348141543
-0.582783492528
-0.53348141543
0.550267077476
-0.408577797155
-0.523543130255
-0.0108259983287
0.0943556778127
2.28933315408e-18
-0.684484590016
0.550267077476
0.636824450333
0.453348340079
-0.614428612922
-0.662218169285
0.501444527878
-0.5475618276
-0.550135634282
-0.574473582177
-0.662218169285
-0.593397379023
-0.564293141433
0.33950117539
0.0479737108967
-0.542670991972
-0.53348141543
-0.607936984572
0.689559608531
-0.372573601946
-0.550135634282
-4.73056319898e-17
-0.519628791
-0.662218169285
-0.582783492528
-0.495871763633
-0.53348141543
0.712438197405
-0.285509262125
-0.131234569348
-0.316811739917
-0.54475704677
-0.644480878978
-0.510621823639
-0.487520765096
-0.372573601946
-0.0835087074253
-0.53348141543
0.062348212631
0.550267077476
-0.554777570943
0.555574388132
-0.551701562942
0.540552466738
0.231136385452
-0.566889139438
-0.684484590016
-0.403426816733
-0.572162742708
-0.542451136622
0.294682252018
-0.670394474085
0.343160361375
0.550267077476
-0.558315833529
-0.665442814309
-0.50849567285
2.28933315408e-18
0.0425257450415
0.438034242206
0.475420035381
-0.124883284168
-0.68108659358
-0.322122008668
-0.670327338309
-0.582783492528
-0.203948636568
-0.661518568679
-0.53348141543
-0.208289509467
0.20836427528
-0.628522411098
0.555456149101
-0.372573601946
0.553313356698
-0.00617028358536
-0.617409979438
-0.53348141543
-0.543180663471
-0.129819381023
-0.647697208775
-0.662218169285
-0.0108259983287
0.058403293802
1.08376580564e-18
0.44905255732
-0.543292543909
0.72183358229
-0.0762267939213
-0.455271529155
-0.0547739561294
-0.653525681401
-0.503117837303
0.146020119072
-0.611940002426
-0.614702477708
0.404958775172
-0.309328174293
2.28933315408e-18
-0.00512124446813
-0.684484590016
2.28933315408e-18
-0.384416349009
-0.162081856907
-0.684484590016
0.475420035381
0.294682252018
-0.415210347317
-0.476695327953
0.446439437919
-0.194200306379
0.446439437919
-0.240382322096
-0.53348141543
-0.182942571463
0.182600067978
-0.635261139686
-0.403426816733
-0.604231681782
-0.550135634282
-0.542499460129
-8.0274914637e-17
-0.392299505959
-0.36861137257
-0.552527206644
-0.582783492528
0.555574388132
-0.435168646656
-0.554777570943
0.507291637064
-0.55388094287
0.597530953854
-0.550135634282
-0.631862597557
-0.55977908093
-0.53348141543
-0.443540362745
0.167233153292
-0.679508223719
-0.582783492528
-0.00931187276725
0.331950502518
2.28933315408e-18
-0.662218169285
-0.00931187276725
0.386589666793
0.592741351389
-0.5475618276
-0.443906646016
-0.648036529334
-0.659379151796
-0.177286341658
0.165131701414
-0.550135634282
0.291357693836
0.0995283442166
0.329916948577
-0.555710927939
-0.301132661598
-0.350957573476
0.550267077476
0.179430810062
-0.554777570943
-0.515273948308
-0.447678145605
0.0108259983287
-0.311167827432
-0.550135634282
-0.662218169285
-0.678303275919
-1.9244189805e-16
0.0921142293347
-0.554777570943
-0.53348141543
0.185583743285
-0.2127171059
-0.00931187276725
0.302331741245
-0.688774723281
0.160480894825
-0.294682252018
-0.334158417103
-0.552527206644
